 2329 149 401 95328 -3 000 0 0 0 0 0 0 0 0 0 0 
/n 2313 149 401 95328 -3 000 0 0 0 0 0 0 0 0 0 0 
/n 2346 149 401 95323 0 231340 322173 -982167 0 0 0 0 0 0 0 0 
/n 2379 149 401 95327 -2 231342 322172 -982167 0 0 0 0 0 0 0 0 
/n 2362 149 401 95323 0 231343 322170 -982167 0 0 0 0 0 0 0 0 
/n 2362 149 401 95318 5 231344 322169 -982167 0 0 0 0 0 0 0 0 
/n 2313 150 401 95321 2 231346 322168 -982167 0 0 0 0 0 0 0 0 
/n 2313 150 401 95325 0 231347 322168 -982167 0 0 0 0 0 0 0 0 
/n 2395 149 401 95329 -4 231349 322168 -982167 0 0 0 0 0 0 0 0 
/n 2362 150 401 95319 4 231350 322168 -982167 0 0 0 0 0 0 0 0 
/n 2362 150 401 95324 0 231352 322168 -982167 0 0 0 0 0 0 0 0 
/n 2329 150 400 95325 0 231353 322168 -982167 0 0 0 0 0 0 0 0 
/n 2313 149 401 95327 -2 231354 322168 -982167 0 0 0 0 0 0 0 0 
/n -2104 149 400 95322 1 231356 322168 -982167 0 0 0 0 0 0 0 0 
/n 2313 149 400 95321 2 231357 322168 -982167 0 0 0 0 0 0 0 0 
/n 2297 150 400 95326 -1 231359 322168 -982167 0 0 0 0 0 0 0 0 
/n 2362 149 400 95324 0 23140 322168 -982168 0 0 0 0 0 0 0 0 
/n 2280 149 400 95326 -1 23141 322168 -982168 0 0 0 0 0 0 0 0 
/n 2297 149 400 95327 -2 23143 322168 -982168 0 0 0 0 0 0 0 0 
/n 2329 150 400 95326 -1 23144 322168 -982168 0 0 0 0 0 0 0 0 
/n 2297 150 400 95316 7 23145 322168 -982167 0 0 0 0 0 0 0 0 
/n 2264 149 400 95327 -2 23147 322168 -982167 0 0 0 0 0 0 0 0 
/n 2280 149 400 95321 2 23148 322168 -982168 0 0 0 0 0 0 0 0 
/n 2297 149 400 95327 -2 231410 322168 -982168 0 0 0 0 0 0 0 0 
/n 2313 150 400 95321 2 231411 322168 -982167 0 0 0 0 0 0 0 0 
/n 2280 149 400 95325 0 231412 322168 -982167 0 0 0 0 0 0 0 0 
/n 23040 149 400 95328 -3 231414 322168 -982167 0 0 0 0 0 0 0 0 
/n 2247 149 400 95325 0 231415 322168 -982167 0 0 0 0 0 0 0 0 
/n 2297 150 400 95324 0 231417 322168 -982167 0 0 0 0 0 0 0 0 
/n 2297 150 400 95321 2 231418 322168 -982167 0 0 0 0 0 0 0 0 
/n 2247 149 400 95324 0 231419 322168 -982167 0 0 0 0 0 0 0 0 
/n 2280 149 400 95320 3 231421 322168 -982167 0 0 0 0 0 0 0 0 
/n 2280 150 400 95321 2 231422 322168 -982167 0 0 0 0 0 0 0 0 
/n 2231 149 400 95325 0 231424 322168 -982167 0 0 0 0 0 0 0 0 
/n 2214 150 400 95327 -2 231425 322168 -982167 0 0 0 0 0 0 0 0 
/n 2264 149 400 95328 -3 231426 322168 -982167 0 0 0 0 0 0 0 0 
/n 2231 150 400 95324 0 231428 322168 -982167 0 0 0 0 0 0 0 0 
/n 2264 149 400 95328 -3 231429 322168 -982167 0 0 0 0 0 0 0 0 
/n 2231 149 400 95322 1 231431 322168 -982167 0 0 0 0 0 0 0 0 
/n -2547 151 400 95328 -3 231432 322168 -982167 0 0 0 0 0 0 0 0 
/n 2214 149 400 95329 -4 231433 322168 -982168 0 0 0 0 0 0 0 0 
/n 2247 149 400 95323 0 231435 322168 -982168 0 0 0 0 0 0 0 0 
/n 2264 150 399 95328 -3 231436 322168 -982168 0 0 0 0 0 0 0 0 
/n 2198 150 399 95324 0 231438 322168 -982168 0 0 0 0 0 0 0 0 
/n 2247 149 400 95326 -1 231439 322168 -982168 0 0 0 0 0 0 0 0 
/n 2247 149 399 95326 -1 231440 322168 -982168 0 0 0 0 0 0 0 0 
/n 2264 149 399 95325 0 231442 322168 -982168 0 0 0 0 0 0 0 0 
/n 2182 149 399 95331 -6 231443 322168 -982168 0 0 0 0 0 0 0 0 
/n 2247 149 399 95324 0 231445 322168 -982168 0 0 0 0 0 0 0 0 
/n 2231 149 399 95332 -7 231446 322168 -982168 0 0 0 0 0 0 0 0 
/n 2198 149 399 95325 0 231447 322168 -982168 0 0 0 0 0 0 0 0 
/n 2198 150 399 95327 -2 231449 322168 -982168 0 0 0 0 0 0 0 0 
/n -2104 150 399 95326 -1 231450 322168 -982168 0 0 0 0 0 0 0 0 
/n 2198 149 399 95327 -2 231451 322168 -982168 0 0 0 0 0 0 0 0 
/n 2182 149 399 95333 -7 231453 322168 -982168 0 0 0 0 0 0 0 0 
/n 2182 149 399 95326 -1 231454 322168 -982168 0 0 0 0 0 0 0 0 
/n 2182 149 399 95326 -1 231456 322168 -982168 0 0 0 0 0 0 0 0 
/n 2198 149 399 95329 -4 231457 322168 -982168 0 0 0 0 0 0 0 0 
/n 2198 149 399 95328 -3 231458 322168 -982168 0 0 0 0 0 0 0 0 
/n 2214 149 399 95328 -3 23150 322168 -982168 0 0 0 0 0 0 0 0 
/n 2182 149 399 95323 0 23151 322168 -982168 0 0 0 0 0 0 0 0 
/n 2182 148 399 95326 -1 23153 322168 -982168 0 0 0 0 0 0 0 0 
/n 2198 149 399 95332 -7 23154 322168 -982168 0 0 0 0 0 0 0 0 
/n 2182 149 399 95326 -1 23155 322168 -982168 0 0 0 0 0 0 0 0 
/n 2198 149 399 95328 -3 23157 322168 -982168 0 0 0 0 0 0 0 0 
/n 2182 149 399 95326 -1 23158 322168 -982168 0 0 0 0 0 0 0 0 
/n 2165 149 399 95329 -4 231510 322168 -982168 0 0 0 0 0 0 0 0 
/n 2182 149 399 95325 0 231511 322168 -982168 0 0 0 0 0 0 0 0 
/n 2214 149 399 95327 -2 231512 322168 -982168 0 0 0 0 0 0 0 0 
/n 2165 149 398 95321 2 231514 322168 -982168 0 0 0 0 0 0 0 0 
/n 2182 149 398 95331 -6 231515 322168 -982168 0 0 0 0 0 0 0 0 
/n 2165 149 399 95334 -8 231517 322168 -982168 0 0 0 0 0 0 0 0 
/n 2182 152 398 95328 -3 231518 322168 -982168 0 0 0 0 0 0 0 0 
/n 2198 149 398 95333 -7 231519 322168 -982168 0 0 0 0 0 0 0 0 
/n 2149 148 398 95331 -6 231521 322168 -982168 0 0 0 0 0 0 0 0 
/n 2165 149 398 95328 -3 231522 322168 -982168 0 0 0 0 0 0 0 0 
/n 2214 149 398 95327 -2 231524 322168 -982168 0 0 0 0 0 0 0 0 
/n 2214 149 398 95326 -1 231525 322168 -982168 0 0 0 0 0 0 0 0 
/n 2198 149 398 95324 0 231526 322168 -982168 0 0 0 0 0 0 0 0 
/n 2198 150 398 95320 3 231528 322168 -982168 0 0 0 0 0 0 0 0 
/n 2198 150 398 95330 -5 231529 322168 -982168 0 0 0 0 0 0 0 0 
/n 2149 149 398 95324 0 231530 322168 -982168 0 0 0 0 0 0 0 0 
/n 2198 149 398 95326 -1 231532 322168 -982168 0 0 0 0 0 0 0 0 
/n 2198 149 398 95323 0 231533 322168 -982168 0 0 0 0 0 0 0 0 
/n 2182 148 398 95325 0 231535 322168 -982168 0 0 0 0 0 0 0 0 
/n 2198 148 398 95322 1 231536 322168 -982168 0 0 0 0 0 0 0 0 
/n 2149 149 398 95321 2 231537 322168 -982168 0 0 0 0 0 0 0 0 
/n 2182 149 398 95331 -6 231539 322168 -982168 0 0 0 0 0 0 0 0 
/n 2132 149 398 95335 -9 231540 322168 -982168 0 0 0 0 0 0 0 0 
/n 2182 148 398 95323 0 231542 322168 -982168 0 0 0 0 0 0 0 0 
/n 2132 149 398 95320 3 231543 322168 -982168 0 0 0 0 0 0 0 0 
/n 2132 149 398 95320 3 231544 322168 -982168 0 0 0 0 0 0 0 0 
/n 2149 149 398 95330 -5 231546 322168 -982168 0 0 0 0 0 0 0 0 
/n 2132 149 398 95328 -3 231547 322168 -982168 0 0 0 0 0 0 0 0 
/n -2120 148 397 95328 -3 231549 322168 -982168 0 0 0 0 0 0 0 0 
/n 2182 149 397 95324 0 231550 322168 -982168 0 0 0 0 0 0 0 0 
/n 2116 150 397 95322 1 231551 322168 -982168 0 0 0 0 0 0 0 0 
/n 2132 150 397 95326 -1 231553 322168 -982168 0 0 0 0 0 0 0 0 
/n 2149 149 397 95325 0 231554 322168 -982168 0 0 0 0 0 0 0 0 
/n 2149 149 397 95330 -5 231556 322168 -982168 0 0 0 0 0 0 0 0 
/n 2132 151 397 95319 4 231557 322168 -982168 0 0 0 0 0 0 0 0 
/n 2149 149 397 95318 5 231558 322168 -982168 0 0 0 0 0 0 0 0 
/n 2149 149 397 95322 1 23160 322168 -982168 0 0 0 0 0 0 0 0 
/n 2182 150 397 95321 2 23161 322168 -982168 0 0 0 0 0 0 0 0 
/n 2165 149 397 95323 0 23163 322168 -982168 0 0 0 0 0 0 0 0 
/n 2132 152 397 95324 0 23164 322168 -982168 0 0 0 0 0 0 0 0 
/n 2165 149 397 95323 0 23165 322168 -982168 0 0 0 0 0 0 0 0 
/n 2149 149 397 95324 0 23167 322168 -982168 0 0 0 0 0 0 0 0 
/n 2165 149 397 95323 0 23168 322168 -982168 0 0 0 0 0 0 0 0 
/n 2231 149 397 95319 4 231610 322168 -982168 0 0 0 0 0 0 0 0 
/n 2182 149 397 95323 0 231611 322168 -982168 0 0 0 0 0 0 0 0 
/n 2182 150 397 95324 0 231612 322168 -982168 0 0 0 0 0 0 0 0 
/n 2149 149 396 95325 0 231614 322168 -982168 0 0 0 0 0 0 0 0 
/n 2132 149 396 95318 5 231615 322168 -982168 0 0 0 0 0 0 0 0 
/n 2132 149 397 95324 0 231616 322168 -982168 0 0 0 0 0 0 0 0 
/n 2132 150 396 95324 0 231618 322168 -982168 0 0 0 0 0 0 0 0 
/n 2165 150 396 95318 5 231619 322168 -982168 0 0 0 0 0 0 0 0 
/n 2116 149 396 95326 -1 231621 322168 -982168 0 0 0 0 0 0 0 0 
/n 2149 150 396 95318 5 231622 322168 -982168 0 0 0 0 0 0 0 0 
/n 2132 150 396 95324 0 231623 322168 -982168 0 0 0 0 0 0 0 0 
/n 2149 150 396 95321 2 231625 322168 -982168 0 0 0 0 0 0 0 0 
/n 2149 150 396 95321 2 231626 322168 -982168 0 0 0 0 0 0 0 0 
/n 2132 150 396 95318 5 231628 322168 -982168 0 0 0 0 0 0 0 0 
/n 2132 149 396 95323 0 231629 322168 -982168 0 0 0 0 0 0 0 0 
/n 2132 149 396 95323 0 231630 322168 -982168 0 0 0 0 0 0 0 0 
/n 2132 150 396 95320 3 231632 322168 -982168 0 0 0 0 0 0 0 0 
/n 2100 150 396 95327 -2 231633 322168 -982168 0 0 0 0 0 0 0 0 
/n 2100 150 396 95323 0 231635 322168 -982168 0 0 0 0 0 0 0 0 
/n 2083 150 396 95324 0 231636 322168 -982168 0 0 0 0 0 0 0 0 
/n 2100 149 396 95321 2 231637 322168 -982168 0 0 0 0 0 0 0 0 
/n 2116 149 396 95322 1 231639 322168 -982168 0 0 0 0 0 0 0 0 
/n -2449 149 395 95323 0 231640 322168 -982168 0 0 0 0 0 0 0 0 
/n -2120 150 395 95321 2 231642 322168 -982168 0 0 0 0 0 0 0 0 
/n 2100 151 395 95322 1 231643 322168 -982168 0 0 0 0 0 0 0 0 
/n 2100 149 395 95320 3 231644 322168 -982168 0 0 0 0 0 0 0 0 
/n 2116 150 395 95321 2 231646 322168 -982168 0 0 0 0 0 0 0 0 
/n 2149 149 395 95321 2 231647 322168 -982168 0 0 0 0 0 0 0 0 
/n 2165 150 395 95321 2 231649 322168 -982168 0 0 0 0 0 0 0 0 
/n 2100 150 395 95320 3 231650 322168 -982168 0 0 0 0 0 0 0 0 
/n 2083 150 395 95321 2 231651 322168 -982168 0 0 0 0 0 0 0 0 
/n 2132 150 395 95321 2 231653 322168 -982168 0 0 0 0 0 0 0 0 
/n 1689 150 395 95322 1 231654 322168 -982168 0 0 0 0 0 0 0 0 
/n 2083 150 395 95317 6 231655 322168 -982168 0 0 0 0 0 0 0 0 
/n 2132 150 395 95315 7 231657 322168 -982168 0 0 0 0 0 0 0 0 
/n 2100 150 395 95321 2 231658 322168 -982168 0 0 0 0 0 0 0 0 
/n -2547 150 395 95324 0 23170 322168 -982168 0 0 0 0 0 0 0 0 
/n 2132 150 395 95320 3 23171 322168 -982168 0 0 0 0 0 0 0 0 
/n 2149 150 394 95319 4 23172 322168 -982168 0 0 0 0 0 0 0 0 
/n 2100 150 394 95314 8 23174 322168 -982168 0 0 0 0 0 0 0 0 
/n 2116 150 394 95325 0 23175 322168 -982168 0 0 0 0 0 0 0 0 
/n 2083 150 394 95319 4 23177 322168 -982168 0 0 0 0 0 0 0 0 
/n 2132 150 394 95318 5 23178 322168 -982168 0 0 0 0 0 0 0 0 
/n 2116 150 394 95319 4 23179 322168 -982168 0 0 0 0 0 0 0 0 
/n 2132 150 394 95315 7 231711 322168 -982168 0 0 0 0 0 0 0 0 
/n 2083 150 394 95323 0 231712 322168 -982168 0 0 0 0 0 0 0 0 
/n 2083 150 394 95318 5 231714 322168 -982168 0 0 0 0 0 0 0 0 
/n 2116 150 394 95316 7 231715 322168 -982168 0 0 0 0 0 0 0 0 
/n 2132 150 394 95317 6 231716 322168 -982168 0 0 0 0 0 0 0 0 
/n 2132 150 394 95322 1 231718 322168 -982168 0 0 0 0 0 0 0 0 
/n -2547 149 394 95323 0 231719 322168 -982168 0 0 0 0 0 0 0 0 
/n 2100 150 394 95322 1 231721 322168 -982168 0 0 0 0 0 0 0 0 
/n 2083 151 394 95325 0 231722 322168 -982168 0 0 0 0 0 0 0 0 
/n 2116 150 394 95322 1 231723 322168 -982168 0 0 0 0 0 0 0 0 
/n 2116 148 394 95324 0 231725 322168 -982168 0 0 0 0 0 0 0 0 
/n 2083 149 394 95320 3 231726 322168 -982168 0 0 0 0 0 0 0 0 
/n 2100 149 394 95324 0 231728 322168 -982168 0 0 0 0 0 0 0 0 
/n 2100 151 393 95324 0 231729 322168 -982168 0 0 0 0 0 0 0 0 
/n 2100 149 393 95326 -1 231730 322168 -982168 0 0 0 0 0 0 0 0 
/n 2100 149 393 95322 1 231732 322168 -982168 0 0 0 0 0 0 0 0 
/n 2132 149 393 95329 -4 231733 322168 -982168 0 0 0 0 0 0 0 0 
/n 2100 149 393 95324 0 231735 322168 -982168 0 0 0 0 0 0 0 0 
/n 2100 149 393 95325 0 231736 322168 -982168 0 0 0 0 0 0 0 0 
/n 2100 149 393 95320 3 231737 322168 -982168 0 0 0 0 0 0 0 0 
/n 2116 150 393 95331 -6 231739 322168 -982168 0 0 0 0 0 0 0 0 
/n 2116 149 393 95325 0 231740 322168 -982168 0 0 0 0 0 0 0 0 
/n 2067 149 393 95324 0 231741 322168 -982168 0 0 0 0 0 0 0 0 
/n 2050 150 393 95327 -2 231743 322168 -982168 0 0 0 0 0 0 0 0 
/n 2132 149 393 95315 7 231744 322168 -982168 0 0 0 0 0 0 0 0 
/n 2116 149 393 95323 0 231746 322168 -982168 0 0 0 0 0 0 0 0 
/n 2083 149 392 95318 5 231747 322168 -982168 0 0 0 0 0 0 0 0 
/n 2083 149 393 95328 -3 231748 322168 -982168 0 0 0 0 0 0 0 0 
/n 2100 150 392 95328 -3 231750 322168 -982168 0 0 0 0 0 0 0 0 
/n 2034 149 392 95326 -1 231751 322168 -982168 0 0 0 0 0 0 0 0 
/n 6502 149 392 95319 4 231753 322168 -982168 0 0 0 0 0 0 0 0 
/n -2120 149 392 95316 7 231754 322168 -982168 0 0 0 0 0 0 0 0 
/n 2067 149 392 95322 1 231755 322168 -982168 0 0 0 0 0 0 0 0 
/n 2067 150 392 95319 4 231757 322168 -982168 0 0 0 0 0 0 0 0 
/n 2116 150 392 95325 0 231758 322168 -982168 0 0 0 0 0 0 0 0 
/n 2116 151 392 95323 0 23180 322168 -982168 0 0 0 0 0 0 0 0 
/n 2067 151 392 95316 7 23181 322168 -982168 0 0 0 0 0 0 0 0 
/n 2100 151 392 95322 1 23182 322168 -982168 0 0 0 0 0 0 0 0 
/n 2116 151 392 95324 0 23184 322168 -982168 0 0 0 0 0 0 0 0 
/n 2116 151 392 95322 1 23185 322168 -982168 0 0 0 0 0 0 0 0 
/n 2116 151 392 95329 -4 23187 322168 -982168 0 0 0 0 0 0 0 0 
/n 2116 152 392 95324 0 23188 322168 -982168 0 0 0 0 0 0 0 0 
/n 2083 151 391 95312 10 23189 322168 -982168 0 0 0 0 0 0 0 0 
/n 2116 151 391 95315 7 231811 322168 -982168 0 0 0 0 0 0 0 0 
/n 2083 151 391 95323 0 231812 322168 -982168 0 0 0 0 0 0 0 0 
/n 2132 151 391 95323 0 231814 322168 -982168 0 0 0 0 0 0 0 0 
/n 2083 152 391 95317 6 231815 322168 -982168 0 0 0 0 0 0 0 0 
/n 2083 151 391 95317 6 231816 322168 -982168 0 0 0 0 0 0 0 0 
/n 2067 151 391 95319 4 231818 322168 -982168 0 0 0 0 0 0 0 0 
/n 2083 151 391 95324 0 231819 322168 -982168 0 0 0 0 0 0 0 0 
/n 2067 151 391 95317 6 231821 322168 -982168 0 0 0 0 0 0 0 0 
/n 2083 151 391 95313 9 231822 322168 -982168 0 0 0 0 0 0 0 0 
/n 2067 151 391 95320 3 231823 322168 -982168 0 0 0 0 0 0 0 0 
/n 2132 151 391 95323 0 231825 322168 -982168 0 0 0 0 0 0 0 0 
/n 2067 151 391 95314 8 231826 322168 -982168 0 0 0 0 0 0 0 0 
/n 2100 151 391 95314 8 231827 322168 -982168 0 0 0 0 0 0 0 0 
/n 2083 151 391 95316 7 231829 322168 -982168 0 0 0 0 0 0 0 0 
/n 2100 151 390 95319 4 231830 322168 -982168 0 0 0 0 0 0 0 0 
/n 2083 150 390 95319 4 231832 322168 -982168 0 0 0 0 0 0 0 0 
/n 2083 150 390 95315 7 231833 322168 -982168 0 0 0 0 0 0 0 0 
/n 2100 150 390 95317 6 231834 322168 -982168 0 0 0 0 0 0 0 0 
/n 2116 150 390 95320 3 231836 322168 -982168 0 0 0 0 0 0 0 0 
/n 2067 152 390 95316 7 231837 322168 -982168 0 0 0 0 0 0 0 0 
/n 2067 151 390 95320 3 231839 322168 -982168 0 0 0 0 0 0 0 0 
/n 2100 150 390 95318 5 231840 322168 -982168 0 0 0 0 0 0 0 0 
/n 2083 150 390 95320 3 231841 322168 -982168 0 0 0 0 0 0 0 0 
/n 2116 151 390 95325 0 231843 322168 -982168 0 0 0 0 0 0 0 0 
/n 2100 150 390 95318 5 231844 322168 -982168 0 0 0 0 0 0 0 0 
/n 2083 151 390 95316 7 231846 322168 -982168 0 0 0 0 0 0 0 0 
/n 2067 150 390 95317 6 231847 322168 -982168 0 0 0 0 0 0 0 0 
/n 2083 150 390 95318 5 231848 322168 -982168 0 0 0 0 0 0 0 0 
/n 2067 150 390 95318 5 231850 322168 -982168 0 0 0 0 0 0 0 0 
/n 2050 150 389 95314 8 231851 322168 -982168 0 0 0 0 0 0 0 0 
/n 2100 150 389 95316 7 231853 322168 -982168 0 0 0 0 0 0 0 0 
/n 2083 152 389 95319 4 231854 322168 -982168 0 0 0 0 0 0 0 0 
/n 2116 150 389 95319 4 231855 322168 -982168 0 0 0 0 0 0 0 0 
/n 2100 151 389 95322 1 231857 322168 -982168 0 0 0 0 0 0 0 0 
/n 2067 151 389 95320 3 231858 322168 -982168 0 0 0 0 0 0 0 0 
/n 2116 151 389 95322 1 23190 322168 -982168 0 0 0 0 0 0 0 0 
/n 2083 152 389 95316 7 23191 322168 -982168 0 0 0 0 0 0 0 0 
/n 2083 151 389 95325 0 23192 322168 -982168 0 0 0 0 0 0 0 0 
/n 2116 151 389 95315 7 23194 322168 -982168 0 0 0 0 0 0 0 0 
/n 2083 151 389 95318 5 23195 322168 -982168 0 0 0 0 0 0 0 0 
/n 2116 151 389 95313 9 23196 322168 -982168 0 0 0 0 0 0 0 0 
/n 2083 151 389 95313 9 23198 322168 -982168 0 0 0 0 0 0 0 0 
/n 2067 151 389 95318 5 23199 322168 -982168 0 0 0 0 0 0 0 0 
/n 2067 151 388 95310 12 231911 322168 -982168 0 0 0 0 0 0 0 0 
/n 2100 151 389 95321 2 231912 322168 -982168 0 0 0 0 0 0 0 0 
/n 2067 151 388 95315 7 231913 322168 -982168 0 0 0 0 0 0 0 0 
/n 2116 151 388 95320 3 231915 322168 -982168 0 0 0 0 0 0 0 0 
/n 2083 151 388 95321 2 231916 322168 -982168 0 0 0 0 0 0 0 0 
/n 2100 151 388 95321 2 231918 322168 -982168 0 0 0 0 0 0 0 0 
/n 2050 150 388 95328 -3 231919 322168 -982168 0 0 0 0 0 0 0 0 
/n 2083 151 388 95322 1 231920 322168 -982168 0 0 0 0 0 0 0 0 
/n 2067 151 388 95321 2 231922 322168 -982168 0 0 0 0 0 0 0 0 
/n 2116 151 388 95317 6 231923 322168 -982168 0 0 0 0 0 0 0 0 
/n 2100 151 388 95319 4 231925 322168 -982168 0 0 0 0 0 0 0 0 
/n 2100 151 388 95324 0 231926 322168 -982168 0 0 0 0 0 0 0 0 
/n 2100 150 388 95327 -2 231927 322168 -982168 0 0 0 0 0 0 0 0 
/n 2067 151 388 95321 2 231929 322168 -982168 0 0 0 0 0 0 0 0 
/n 2083 151 387 95323 0 231930 322168 -982168 0 0 0 0 0 0 0 0 
/n 2050 151 387 95321 2 231932 322168 -982168 0 0 0 0 0 0 0 0 
/n 2116 150 387 95323 0 231933 322168 -982168 0 0 0 0 0 0 0 0 
/n 2083 150 387 95323 0 231934 322168 -982168 0 0 0 0 0 0 0 0 
/n 2083 151 387 95324 0 231936 322168 -982168 0 0 0 0 0 0 0 0 
/n 2050 151 387 95326 -1 231937 322168 -982168 0 0 0 0 0 0 0 0 
/n 2083 151 387 95324 0 231939 322168 -982168 0 0 0 0 0 0 0 0 
/n 2083 152 387 95324 0 231940 322168 -982168 0 0 0 0 0 0 0 0 
/n 2100 150 387 95325 0 231941 322168 -982168 0 0 0 0 0 0 0 0 
/n 2050 150 387 95326 -1 231943 322168 -982168 0 0 0 0 0 0 0 0 
/n 2067 151 387 95329 -4 231944 322168 -982168 0 0 0 0 0 0 0 0 
/n 2067 151 387 95328 -3 231946 322168 -982168 0 0 0 0 0 0 0 0 
/n 2050 151 387 95322 1 231947 322168 -982168 0 0 0 0 0 0 0 0 
/n 2100 151 387 95325 0 231948 322168 -982168 0 0 0 0 0 0 0 0 
/n 2067 151 386 95322 1 231950 322168 -982168 0 0 0 0 0 0 0 0 
/n 2083 150 386 95322 1 231951 322168 -982168 0 0 0 0 0 0 0 0 
/n 2067 151 386 95319 4 231952 322168 -982168 0 0 0 0 0 0 0 0 
/n 2067 151 386 95321 2 231954 322168 -982168 0 0 0 0 0 0 0 0 
/n 2100 151 386 95317 6 231955 322168 -982168 0 0 0 0 0 0 0 0 
/n 2050 152 386 95319 4 231957 322168 -982168 0 0 0 0 0 0 0 0 
/n 2100 151 386 95327 -2 231958 322168 -982168 0 0 0 0 0 0 0 0 
/n 2083 151 386 95315 7 231959 322168 -982168 0 0 0 0 0 0 0 0 
/n 2100 152 386 95324 0 23201 322168 -982168 0 0 0 0 0 0 0 0 
/n 2067 151 386 95316 7 23202 322168 -982168 0 0 0 0 0 0 0 0 
/n 2067 151 386 95321 2 23204 322168 -982168 0 0 0 0 0 0 0 0 
/n 2116 150 386 95323 0 23205 322168 -982168 0 0 0 0 0 0 0 0 
/n 2100 150 386 95330 -5 23206 322168 -982168 0 0 0 0 0 0 0 0 
/n 2067 151 386 95324 0 23208 322168 -982168 0 0 0 0 0 0 0 0 
/n -2120 151 386 95321 2 23209 322168 -982168 0 0 0 0 0 0 0 0 
/n 2067 151 385 95317 6 232011 322168 -982168 0 0 0 0 0 0 0 0 
/n 2050 152 385 95317 6 232012 322168 -982168 0 0 0 0 0 0 0 0 
/n 2067 152 385 95317 6 232013 322168 -982168 0 0 0 0 0 0 0 0 
/n 2067 151 385 95319 4 232015 322168 -982168 0 0 0 0 0 0 0 0 
/n 2116 151 385 95324 0 232016 322168 -982168 0 0 0 0 0 0 0 0 
/n 2100 150 385 95320 3 232018 322168 -982168 0 0 0 0 0 0 0 0 
/n 2050 150 385 95322 1 232019 322168 -982168 0 0 0 0 0 0 0 0 
/n 2083 152 385 95318 5 232020 322168 -982168 0 0 0 0 0 0 0 0 
/n 2100 151 385 95318 5 232022 322168 -982168 0 0 0 0 0 0 0 0 
/n 2050 151 385 95316 7 232023 322168 -982168 0 0 0 0 0 0 0 0 
/n 2100 150 385 95322 1 232025 322168 -982168 0 0 0 0 0 0 0 0 
/n 2116 151 385 95324 0 232026 322168 -982168 0 0 0 0 0 0 0 0 
/n 2116 150 385 95323 0 232027 322168 -982168 0 0 0 0 0 0 0 0 
/n 2100 150 385 95321 2 232029 322168 -982168 0 0 0 0 0 0 0 0 
/n 2100 151 385 95321 2 232030 322168 -982168 0 0 0 0 0 0 0 0 
/n 2083 151 384 95318 5 232032 322168 -982168 0 0 0 0 0 0 0 0 
/n 2083 151 384 95324 0 232033 322168 -982168 0 0 0 0 0 0 0 0 
/n 2100 151 384 95323 0 232034 322168 -982168 0 0 0 0 0 0 0 0 
/n 2067 151 384 95322 1 232036 322168 -982168 0 0 0 0 0 0 0 0 
/n 2083 151 384 95320 3 232037 322168 -982168 0 0 0 0 0 0 0 0 
/n 2083 151 384 95320 3 232038 322168 -982168 0 0 0 0 0 0 0 0 
/n 2067 150 384 95318 5 232040 322168 -982168 0 0 0 0 0 0 0 0 
/n 2100 151 384 95311 11 232041 322168 -982168 0 0 0 0 0 0 0 0 
/n 2116 151 384 95319 4 232043 322168 -982168 0 0 0 0 0 0 0 0 
/n 2083 150 384 95320 3 232044 322168 -982168 0 0 0 0 0 0 0 0 
/n 2083 150 384 95322 1 232045 322168 -982168 0 0 0 0 0 0 0 0 
/n 2067 150 384 95319 4 232047 322168 -982168 0 0 0 0 0 0 0 0 
/n 2100 150 384 95320 3 232048 322168 -982168 0 0 0 0 0 0 0 0 
/n 2100 150 384 95322 1 232050 322168 -982168 0 0 0 0 0 0 0 0 
/n 2100 151 383 95313 9 232051 322168 -982168 0 0 0 0 0 0 0 0 
/n 2116 150 383 95322 1 232052 322168 -982168 0 0 0 0 0 0 0 0 
/n 2100 150 383 95315 7 232054 322168 -982168 0 0 0 0 0 0 0 0 
/n 2050 150 383 95320 3 232055 322168 -982168 0 0 0 0 0 0 0 0 
/n 2067 151 383 95316 7 232057 322168 -982168 0 0 0 0 0 0 0 0 
/n 2100 151 383 95315 7 232058 322168 -982168 0 0 0 0 0 0 0 0 
/n 2100 150 383 95320 3 232059 322168 -982168 0 0 0 0 0 0 0 0 
/n 2100 151 383 95319 4 23211 322168 -982168 0 0 0 0 0 0 0 0 
/n 2116 151 383 95323 0 23212 322168 -982168 0 0 0 0 0 0 0 0 
/n 2067 151 383 95316 7 23214 322168 -982168 0 0 0 0 0 0 0 0 
/n 2083 151 383 95317 6 23215 322168 -982168 0 0 0 0 0 0 0 0 
/n 2067 150 383 95317 6 23216 322168 -982168 0 0 0 0 0 0 0 0 
/n 2083 150 383 95322 1 23218 322168 -982168 0 0 0 0 0 0 0 0 
/n 2083 150 383 95322 1 23219 322168 -982168 0 0 0 0 0 0 0 0 
/n 2100 150 383 95323 0 232111 322168 -982168 0 0 0 0 0 0 0 0 
/n 2067 152 383 95324 0 232112 322168 -982168 0 0 0 0 0 0 0 0 
/n 2050 151 382 95325 0 232113 322168 -982168 0 0 0 0 0 0 0 0 
/n 2067 151 382 95323 0 232115 322168 -982168 0 0 0 0 0 0 0 0 
/n 2100 150 382 95319 4 232116 322168 -982168 0 0 0 0 0 0 0 0 
/n 2050 150 382 95318 5 232118 322168 -982168 0 0 0 0 0 0 0 0 
/n 2083 151 382 95317 6 232119 322168 -982168 0 0 0 0 0 0 0 0 
/n 2083 151 382 95322 1 232120 322168 -982168 0 0 0 0 0 0 0 0 
/n 2067 151 382 95324 0 232122 322168 -982168 0 0 0 0 0 0 0 0 
/n 2050 151 382 95325 0 232123 322168 -982168 0 0 0 0 0 0 0 0 
/n 2100 151 382 95318 5 232124 322168 -982168 0 0 0 0 0 0 0 0 
/n 2100 151 382 95322 1 232126 322168 -982168 0 0 0 0 0 0 0 0 
/n 2116 151 382 95325 0 232127 322168 -982168 0 0 0 0 0 0 0 0 
/n 2067 151 382 95323 0 232129 322168 -982168 0 0 0 0 0 0 0 0 
/n -21409 151 382 95319 4 232130 322168 -982168 0 0 0 0 0 0 0 0 
/n -2547 151 381 95321 2 232131 322168 -982168 0 0 0 0 0 0 0 0 
/n 2083 151 381 95319 4 232133 322168 -982168 0 0 0 0 0 0 0 0 
/n 2116 151 381 95322 1 232134 322168 -982168 0 0 0 0 0 0 0 0 
/n 2100 151 381 95322 1 232136 322168 -982168 0 0 0 0 0 0 0 0 
/n 2050 151 381 95314 8 232137 322168 -982168 0 0 0 0 0 0 0 0 
/n 2116 151 381 95319 4 232138 322168 -982168 0 0 0 0 0 0 0 0 
/n -21426 150 381 95317 6 232140 322168 -982168 0 0 0 0 0 0 0 0 
/n 2083 150 381 95321 2 232141 322168 -982168 0 0 0 0 0 0 0 0 
/n 2083 151 381 95322 1 232143 322168 -982168 0 0 0 0 0 0 0 0 
/n 2100 151 381 95322 1 232144 322168 -982168 0 0 0 0 0 0 0 0 
/n 2100 151 381 95317 6 232145 322168 -982168 0 0 0 0 0 0 0 0 
/n 2116 151 381 95318 5 232147 322168 -982168 0 0 0 0 0 0 0 0 
/n 2116 151 381 95321 2 232148 322168 -982168 0 0 0 0 0 0 0 0 
/n 2100 151 381 95317 6 232150 322168 -982168 0 0 0 0 0 0 0 0 
/n -2120 152 381 95325 0 232151 322168 -982168 0 0 0 0 0 0 0 0 
/n 2116 150 380 95317 6 232152 322168 -982168 0 0 0 0 0 0 0 0 
/n 2116 150 380 95323 0 232154 322168 -982168 0 0 0 0 0 0 0 0 
/n 2116 150 380 95324 0 232155 322168 -982168 0 0 0 0 0 0 0 0 
/n 2100 151 380 95321 2 232157 322168 -982168 0 0 0 0 0 0 0 0 
/n 2116 152 380 95325 0 232158 322168 -982168 0 0 0 0 0 0 0 0 
/n 2083 151 380 95319 4 232159 322168 -982168 0 0 0 0 0 0 0 0 
/n 2067 151 380 95324 0 23221 322168 -982168 0 0 0 0 0 0 0 0 
/n 2100 151 380 95322 1 23222 322168 -982168 0 0 0 0 0 0 0 0 
/n 2116 150 380 95321 2 23223 322168 -982168 0 0 0 0 0 0 0 0 
/n 2067 150 380 95320 3 23225 322168 -982168 0 0 0 0 0 0 0 0 
/n 2067 150 380 95326 -1 23226 322168 -982168 0 0 0 0 0 0 0 0 
/n 2083 151 380 95322 1 23228 322168 -982168 0 0 0 0 0 0 0 0 
/n 2067 150 380 95322 1 23229 322168 -982168 0 0 0 0 0 0 0 0 
/n 2100 150 380 95319 4 232210 322168 -982168 0 0 0 0 0 0 0 0 
/n 2116 150 380 95324 0 232212 322168 -982168 0 0 0 0 0 0 0 0 
/n 2067 150 380 95324 0 232213 322168 -982168 0 0 0 0 0 0 0 0 
/n 2083 151 379 95319 4 232215 322168 -982168 0 0 0 0 0 0 0 0 
/n 2132 150 379 95318 5 232216 322168 -982168 0 0 0 0 0 0 0 0 
/n 2116 150 379 95318 5 232217 322168 -982168 0 0 0 0 0 0 0 0 
/n 2116 151 379 95324 0 232219 322168 -982168 0 0 0 0 0 0 0 0 
/n 2067 151 379 95328 -3 232220 322168 -982168 0 0 0 0 0 0 0 0 
/n 2067 151 379 95321 2 232222 322168 -982168 0 0 0 0 0 0 0 0 
/n 2067 151 379 95312 10 232223 322168 -982168 0 0 0 0 0 0 0 0 
/n 2050 152 379 95323 0 232224 322168 -982168 0 0 0 0 0 0 0 0 
/n 2083 152 379 95320 3 232226 322168 -982168 0 0 0 0 0 0 0 0 
/n 2100 152 379 95318 5 232227 322168 -982168 0 0 0 0 0 0 0 0 
/n 2116 151 379 95322 1 232229 322168 -982168 0 0 0 0 0 0 0 0 
/n 2100 151 378 95311 11 232230 322168 -982168 0 0 0 0 0 0 0 0 
/n 2100 151 378 95311 11 232231 322168 -982168 0 0 0 0 0 0 0 0 
/n 2100 150 378 95312 10 232233 322168 -982168 0 0 0 0 0 0 0 0 
/n 2067 151 378 95316 7 232234 322168 -982168 0 0 0 0 0 0 0 0 
/n 2116 151 378 95315 7 232236 322168 -982168 0 0 0 0 0 0 0 0 
/n 2083 152 378 95311 11 232237 322168 -982168 0 0 0 0 0 0 0 0 
/n 2067 150 378 95317 6 232238 322168 -982168 0 0 0 0 0 0 0 0 
/n 2067 151 378 95316 7 232240 322168 -982168 0 0 0 0 0 0 0 0 
/n 2100 151 378 95315 7 232241 322168 -982168 0 0 0 0 0 0 0 0 
/n 2116 151 378 95319 4 232243 322168 -982168 0 0 0 0 0 0 0 0 
/n 2067 152 378 95317 6 232244 322168 -982168 0 0 0 0 0 0 0 0 
/n 2116 150 378 95318 5 232245 322168 -982168 0 0 0 0 0 0 0 0 
/n 2083 151 378 95316 7 232247 322168 -982168 0 0 0 0 0 0 0 0 
/n 2116 151 378 95317 6 232248 322168 -982168 0 0 0 0 0 0 0 0 
/n 2132 152 378 95316 7 232249 322168 -982168 0 0 0 0 0 0 0 0 
/n 2067 151 378 95313 9 232251 322168 -982168 0 0 0 0 0 0 0 0 
/n 2083 151 378 95317 6 232252 322168 -982168 0 0 0 0 0 0 0 0 
/n 2083 151 378 95318 5 232254 322168 -982168 0 0 0 0 0 0 0 0 
/n 2116 152 377 95309 13 232255 322168 -982168 0 0 0 0 0 0 0 0 
/n 2067 151 377 95316 7 232256 322168 -982168 0 0 0 0 0 0 0 0 
/n 2067 152 377 95314 8 232258 322168 -982168 0 0 0 0 0 0 0 0 
/n 2100 152 377 95316 7 232259 322168 -982168 0 0 0 0 0 0 0 0 
/n 2116 151 377 95314 8 23231 322168 -982168 0 0 0 0 0 0 0 0 
/n 2132 151 377 95315 7 23232 322168 -982168 0 0 0 0 0 0 0 0 
/n 2116 151 377 95317 6 23233 322168 -982168 0 0 0 0 0 0 0 0 
/n 2116 151 377 95313 9 23235 322168 -982168 0 0 0 0 0 0 0 0 
/n 2100 151 377 95310 12 23236 322168 -982168 0 0 0 0 0 0 0 0 
/n 2067 151 377 95316 7 23238 322168 -982168 0 0 0 0 0 0 0 0 
/n 2067 150 377 95313 9 23239 322168 -982168 0 0 0 0 0 0 0 0 
/n 2083 151 377 95322 1 232310 322168 -982168 0 0 0 0 0 0 0 0 
/n 2083 151 377 95321 2 232312 322168 -982168 0 0 0 0 0 0 0 0 
/n 2132 152 377 95319 4 232313 322168 -982168 0 0 0 0 0 0 0 0 
/n 2116 151 377 95324 0 232315 322168 -982168 0 0 0 0 0 0 0 0 
/n 2067 151 376 95316 7 232316 322168 -982168 0 0 0 0 0 0 0 0 
/n 2132 151 376 95317 6 232317 322168 -982168 0 0 0 0 0 0 0 0 
/n 2100 151 376 95320 3 232319 322168 -982168 0 0 0 0 0 0 0 0 
/n 2100 151 376 95312 10 232320 322168 -982168 0 0 0 0 0 0 0 0 
/n 2116 152 376 95320 3 232322 322168 -982168 0 0 0 0 0 0 0 0 
/n 2100 152 376 95319 4 232323 322168 -982168 0 0 0 0 0 0 0 0 
/n 1722 151 376 95317 6 232324 322168 -982168 0 0 0 0 0 0 0 0 
/n 2067 151 376 95318 5 232326 322168 -982168 0 0 0 0 0 0 0 0 
/n 2116 151 376 95317 6 232327 322168 -982168 0 0 0 0 0 0 0 0 
/n 2132 152 376 95316 7 232329 322168 -982168 0 0 0 0 0 0 0 0 
/n 2100 152 376 95318 5 232330 322168 -982168 0 0 0 0 0 0 0 0 
/n 2083 151 376 95316 7 232331 322168 -982168 0 0 0 0 0 0 0 0 
/n 2132 151 376 95319 4 232333 322168 -982168 0 0 0 0 0 0 0 0 
/n 2083 151 376 95309 13 232334 322168 -982168 0 0 0 0 0 0 0 0 
/n 2083 150 376 95316 7 232335 322168 -982168 0 0 0 0 0 0 0 0 
/n 2100 152 376 95314 8 232337 322168 -982167 0 0 0 0 0 0 0 0 
/n 2083 151 375 95318 5 232338 322168 -982167 0 0 0 0 0 0 0 0 
/n 2132 151 375 95310 12 232340 322168 -982167 0 0 0 0 0 0 0 0 
/n 2116 151 375 95315 7 232341 322168 -982167 0 0 0 0 0 0 0 0 
/n 2132 150 375 95314 8 232342 322168 -982167 0 0 0 0 0 0 0 0 
/n 2116 150 375 95313 9 232344 322168 -982167 0 0 0 0 0 0 0 0 
/n 2116 150 375 95311 11 232345 322168 -982167 0 0 0 0 0 0 0 0 
/n 2083 151 375 95312 10 232347 322168 -982167 0 0 0 0 0 0 0 0 
/n 2116 151 375 95313 9 232348 322168 -982167 0 0 0 0 0 0 0 0 
/n 2149 151 375 95313 9 232349 322168 -982167 0 0 0 0 0 0 0 0 
/n 2083 151 375 95321 2 232351 322168 -982167 0 0 0 0 0 0 0 0 
/n 2100 151 375 95312 10 232352 322168 -982167 0 0 0 0 0 0 0 0 
/n 2083 151 375 95316 7 232354 322168 -982167 0 0 0 0 0 0 0 0 
/n 2100 150 375 95312 10 232355 322168 -982167 0 0 0 0 0 0 0 0 
/n 2132 150 375 95319 4 232356 322168 -982167 0 0 0 0 0 0 0 0 
/n 2083 152 375 95319 4 232358 322168 -982167 0 0 0 0 0 0 0 0 
/n 2132 151 374 95316 7 232359 322168 -982167 0 0 0 0 0 0 0 0 
/n 2116 151 374 95314 8 23241 322168 -982167 0 0 0 0 0 0 0 0 
/n 2116 151 374 95304 17 23242 322168 -982167 0 0 0 0 0 0 0 0 
/n 2132 151 374 95316 7 23243 322168 -982167 0 0 0 0 0 0 0 0 
/n 2132 151 374 95315 7 23245 322168 -982167 0 0 0 0 0 0 0 0 
/n 2083 151 374 95315 7 23246 322168 -982167 0 0 0 0 0 0 0 0 
/n 2100 152 374 95313 9 23248 322168 -982167 0 0 0 0 0 0 0 0 
/n 2083 152 374 95312 10 23249 322168 -982167 0 0 0 0 0 0 0 0 
/n 2132 152 374 95308 14 232410 322168 -982167 0 0 0 0 0 0 0 0 
/n 2132 151 374 95316 7 232412 322168 -982167 0 0 0 0 0 0 0 0 
/n 2149 151 374 95314 8 232413 322168 -982167 0 0 0 0 0 0 0 0 
/n 2132 151 374 95316 7 232415 322168 -982167 0 0 0 0 0 0 0 0 
/n 2116 152 374 95316 7 232416 322168 -982167 0 0 0 0 0 0 0 0 
/n 2100 152 374 95310 12 232417 322168 -982167 0 0 0 0 0 0 0 0 
/n 2132 151 374 95310 12 232419 322168 -982167 0 0 0 0 0 0 0 0 
/n 2116 152 374 95314 8 232420 322168 -982167 0 0 0 0 0 0 0 0 
/n 2083 152 374 95319 4 232421 322168 -982167 0 0 0 0 0 0 0 0 
/n 2149 151 373 95311 11 232423 322168 -982167 0 0 0 0 0 0 0 0 
/n 2100 151 374 95318 5 232424 322168 -982167 0 0 0 0 0 0 0 0 
/n 2100 150 373 95312 10 232426 322168 -982167 0 0 0 0 0 0 0 0 
/n 2083 150 373 95311 11 232427 322168 -982167 0 0 0 0 0 0 0 0 
/n 2100 152 373 95314 8 232428 322168 -982167 0 0 0 0 0 0 0 0 
/n 2116 151 373 95313 9 232430 322168 -982167 0 0 0 0 0 0 0 0 
/n 2100 151 373 95319 4 232431 322168 -982167 0 0 0 0 0 0 0 0 
/n 2132 151 373 95319 4 232433 322168 -982167 0 0 0 0 0 0 0 0 
/n 2231 151 373 95314 8 232434 322168 -982167 0 0 0 0 0 0 0 0 
/n 2116 151 373 95316 7 232435 322168 -982167 0 0 0 0 0 0 0 0 
/n -1184 150 373 95314 8 232437 322168 -982167 0 0 0 0 0 0 0 0 
/n 2132 152 373 95316 7 232438 322168 -982167 0 0 0 0 0 0 0 0 
/n 2116 152 373 95313 9 232440 322168 -982167 0 0 0 0 0 0 0 0 
/n 2116 151 373 95319 4 232441 322168 -982167 0 0 0 0 0 0 0 0 
/n 2083 151 373 95317 6 232442 322168 -982167 0 0 0 0 0 0 0 0 
/n 2116 151 373 95319 4 232444 322168 -982167 0 0 0 0 0 0 0 0 
/n 2132 151 372 95309 13 232445 322168 -982167 0 0 0 0 0 0 0 0 
/n 2100 151 372 95310 12 232447 322168 -982167 0 0 0 0 0 0 0 0 
/n 2100 152 372 95319 4 232448 322168 -982167 0 0 0 0 0 0 0 0 
/n 2116 150 372 95313 9 232449 322168 -982167 0 0 0 0 0 0 0 0 
/n 2149 150 372 95321 2 232451 322168 -982167 0 0 0 0 0 0 0 0 
/n 2149 151 372 95311 11 232452 322168 -982167 0 0 0 0 0 0 0 0 
/n 2149 151 372 95318 5 232454 322168 -982167 0 0 0 0 0 0 0 0 
/n 2132 152 372 95311 11 232455 322168 -982167 0 0 0 0 0 0 0 0 
/n -2120 151 372 95313 9 232456 322168 -982167 0 0 0 0 0 0 0 0 
/n 2149 151 372 95311 11 232458 322168 -982167 0 0 0 0 0 0 0 0 
/n 2149 150 372 95321 2 232459 322168 -982167 0 0 0 0 0 0 0 0 
/n 2100 151 372 95321 2 23250 322168 -982167 0 0 0 0 0 0 0 0 
/n 2100 151 372 95321 2 23252 322168 -982167 0 0 0 0 0 0 0 0 
/n 2149 151 372 95315 7 23253 322168 -982167 0 0 0 0 0 0 0 0 
/n 2100 151 372 95314 8 23255 322168 -982167 0 0 0 0 0 0 0 0 
/n 2132 151 372 95317 6 23256 322168 -982167 0 0 0 0 0 0 0 0 
/n 2100 151 371 95317 6 23257 322168 -982167 0 0 0 0 0 0 0 0 
/n 2116 151 371 95315 7 23259 322168 -982167 0 0 0 0 0 0 0 0 
/n 2100 150 371 95318 5 232510 322168 -982167 0 0 0 0 0 0 0 0 
/n 2100 150 371 95319 4 232512 322168 -982167 0 0 0 0 0 0 0 0 
/n 2149 151 371 95317 6 232513 322168 -982167 0 0 0 0 0 0 0 0 
/n 2149 151 371 95320 3 232514 322168 -982167 0 0 0 0 0 0 0 0 
/n 2100 151 371 95320 3 232516 322168 -982167 0 0 0 0 0 0 0 0 
/n 2165 150 371 95321 2 232517 322168 -982167 0 0 0 0 0 0 0 0 
/n 2116 151 371 95319 4 232519 322168 -982167 0 0 0 0 0 0 0 0 
/n 2149 151 371 95320 3 232520 322168 -982167 0 0 0 0 0 0 0 0 
/n 2132 151 371 95314 8 232521 322168 -982167 0 0 0 0 0 0 0 0 
/n 2100 150 371 95322 1 232523 322168 -982167 0 0 0 0 0 0 0 0 
/n 2149 150 371 95314 8 232524 322168 -982167 0 0 0 0 0 0 0 0 
/n 2100 150 371 95316 7 232526 322168 -982167 0 0 0 0 0 0 0 0 
/n 2132 150 371 95319 4 232527 322168 -982167 0 0 0 0 0 0 0 0 
/n 2116 151 371 95319 4 232528 322168 -982167 0 0 0 0 0 0 0 0 
/n 2149 150 371 95321 2 232530 322168 -982167 0 0 0 0 0 0 0 0 
/n 2165 150 371 95323 0 232531 322168 -982167 0 0 0 0 0 0 0 0 
/n 2116 150 370 95319 4 232533 322168 -982167 0 0 0 0 0 0 0 0 
/n 2100 150 370 95324 0 232534 322168 -982167 0 0 0 0 0 0 0 0 
/n 2100 150 370 95322 1 232535 322168 -982167 0 0 0 0 0 0 0 0 
/n 2116 150 370 95318 5 232537 322168 -982167 0 0 0 0 0 0 0 0 
/n 2149 150 370 95312 10 232538 322168 -982167 0 0 0 0 0 0 0 0 
/n 2149 151 370 95319 4 232540 322168 -982167 0 0 0 0 0 0 0 0 
/n 2132 152 370 95312 10 232541 322168 -982167 0 0 0 0 0 0 0 0 
/n 2132 151 370 95320 3 232542 322168 -982167 0 0 0 0 0 0 0 0 
/n 2116 151 370 95318 5 232544 322168 -982167 0 0 0 0 0 0 0 0 
/n 2100 151 370 95315 7 232545 322168 -982167 0 0 0 0 0 0 0 0 
/n 2116 151 370 95313 9 232546 322168 -982167 0 0 0 0 0 0 0 0 
/n 2132 152 370 95322 1 232548 322168 -982167 0 0 0 0 0 0 0 0 
/n 2149 151 370 95313 9 232549 322168 -982167 0 0 0 0 0 0 0 0 
/n 2132 151 370 95320 3 232551 322168 -982167 0 0 0 0 0 0 0 0 
/n 2132 151 369 95321 2 232552 322168 -982167 0 0 0 0 0 0 0 0 
/n 2165 151 369 95320 3 232553 322168 -982167 0 0 0 0 0 0 0 0 
/n 2100 151 369 95312 10 232555 322168 -982167 0 0 0 0 0 0 0 0 
/n 2165 151 369 95312 10 232556 322168 -982167 0 0 0 0 0 0 0 0 
/n 2264 151 369 95312 10 232558 322168 -982167 0 0 0 0 0 0 0 0 
/n 2132 151 369 95321 2 232559 322168 -982167 0 0 0 0 0 0 0 0 
/n 2149 151 369 95316 7 23260 322168 -982167 0 0 0 0 0 0 0 0 
/n 2165 151 369 95314 8 23262 322168 -982167 0 0 0 0 0 0 0 0 
/n 2116 151 369 95316 7 23263 322168 -982167 0 0 0 0 0 0 0 0 
/n 2165 151 369 95317 6 23265 322168 -982167 0 0 0 0 0 0 0 0 
/n 2165 152 369 95319 4 23266 322168 -982167 0 0 0 0 0 0 0 0 
/n 2116 152 369 95314 8 23267 322168 -982167 0 0 0 0 0 0 0 0 
/n 2116 152 369 95309 13 23269 322168 -982167 0 0 0 0 0 0 0 0 
/n 2165 151 369 95313 9 232610 322168 -982167 0 0 0 0 0 0 0 0 
/n 2116 151 369 95317 6 232612 322168 -982167 0 0 0 0 0 0 0 0 
/n 2116 151 369 95311 11 232613 322168 -982167 0 0 0 0 0 0 0 0 
/n 2132 152 369 95311 11 232614 322168 -982167 0 0 0 0 0 0 0 0 
/n 2116 152 368 95311 11 232616 322168 -982167 0 0 0 0 0 0 0 0 
/n 2182 151 368 95310 12 232617 322168 -982167 0 0 0 0 0 0 0 0 
/n 2149 151 368 95310 12 232619 322168 -982167 0 0 0 0 0 0 0 0 
/n 2132 151 368 95312 10 232620 322168 -982167 0 0 0 0 0 0 0 0 
/n 2165 151 368 95311 11 232621 322168 -982167 0 0 0 0 0 0 0 0 
/n 2116 152 368 95311 11 232623 322168 -982167 0 0 0 0 0 0 0 0 
/n 2149 152 368 95316 7 232624 322168 -982167 0 0 0 0 0 0 0 0 
/n 2165 151 368 95316 7 232626 322168 -982167 0 0 0 0 0 0 0 0 
/n 2132 152 368 95315 7 232627 322168 -982167 0 0 0 0 0 0 0 0 
/n 2132 152 368 95310 12 232628 322168 -982167 0 0 0 0 0 0 0 0 
/n 2165 151 368 95317 6 232630 322168 -982167 0 0 0 0 0 0 0 0 
/n 2165 151 368 95315 7 232631 322168 -982167 0 0 0 0 0 0 0 0 
/n 2132 152 368 95318 5 232633 322168 -982167 0 0 0 0 0 0 0 0 
/n 2149 152 368 95316 7 232634 322168 -982167 0 0 0 0 0 0 0 0 
/n 2149 152 368 95319 4 232635 322168 -982167 0 0 0 0 0 0 0 0 
/n 2149 150 368 95317 6 232637 322168 -982167 0 0 0 0 0 0 0 0 
/n 2182 150 368 95314 8 232638 322168 -982167 0 0 0 0 0 0 0 0 
/n 2182 150 368 95319 4 232640 322168 -982167 0 0 0 0 0 0 0 0 
/n 2116 151 367 95314 8 232641 322168 -982167 0 0 0 0 0 0 0 0 
/n 2165 150 367 95315 7 232642 322168 -982167 0 0 0 0 0 0 0 0 
/n 2182 150 367 95311 11 232644 322168 -982167 0 0 0 0 0 0 0 0 
/n 2182 151 367 95311 11 232645 322168 -982167 0 0 0 0 0 0 0 0 
/n 2116 150 367 95310 12 232646 322168 -982167 0 0 0 0 0 0 0 0 
/n 2116 150 367 95316 7 232648 322168 -982167 0 0 0 0 0 0 0 0 
/n 2149 151 367 95309 13 232649 322168 -982167 0 0 0 0 0 0 0 0 
/n 2182 151 367 95309 13 232651 322168 -982167 0 0 0 0 0 0 0 0 
/n 2165 150 367 95313 9 232652 322168 -982167 0 0 0 0 0 0 0 0 
/n 2182 151 367 95315 7 232653 322168 -982167 0 0 0 0 0 0 0 0 
/n 2149 151 367 95310 12 232655 322168 -982167 0 0 0 0 0 0 0 0 
/n 2149 151 367 95310 12 232656 322168 -982167 0 0 0 0 0 0 0 0 
/n 2132 151 367 95311 11 232658 322168 -982167 0 0 0 0 0 0 0 0 
/n 2132 151 367 95317 6 232659 322168 -982167 0 0 0 0 0 0 0 0 
/n 2182 151 367 95313 9 23270 322168 -982167 0 0 0 0 0 0 0 0 
/n 2132 151 367 95315 7 23272 322168 -982167 0 0 0 0 0 0 0 0 
/n 2116 150 366 95312 10 23273 322168 -982167 0 0 0 0 0 0 0 0 
/n 2182 150 366 95314 8 23275 322168 -982167 0 0 0 0 0 0 0 0 
/n 2149 150 366 95312 10 23276 322168 -982167 0 0 0 0 0 0 0 0 
/n 2182 150 366 95315 7 23277 322168 -982167 0 0 0 0 0 0 0 0 
/n 2132 150 366 95315 7 23279 322168 -982167 0 0 0 0 0 0 0 0 
/n 2132 150 366 95313 9 232710 322168 -982167 0 0 0 0 0 0 0 0 
/n 2165 151 366 95311 11 232712 322168 -982167 0 0 0 0 0 0 0 0 
/n 2132 151 366 95306 15 232713 322168 -982167 0 0 0 0 0 0 0 0 
/n 2165 151 366 95313 9 232714 322168 -982167 0 0 0 0 0 0 0 0 
/n 2149 151 366 95315 7 232716 322168 -982167 0 0 0 0 0 0 0 0 
/n 2149 151 366 95321 2 232717 322168 -982167 0 0 0 0 0 0 0 0 
/n -2120 151 366 95312 10 232719 322168 -982167 0 0 0 0 0 0 0 0 
/n 2165 152 366 95318 5 232720 322168 -982167 0 0 0 0 0 0 0 0 
/n 2132 151 366 95315 7 232721 322168 -982167 0 0 0 0 0 0 0 0 
/n 2149 151 366 95316 7 232723 322168 -982167 0 0 0 0 0 0 0 0 
/n 2132 151 366 95317 6 232724 322168 -982167 0 0 0 0 0 0 0 0 
/n 2182 151 366 95314 8 232726 322168 -982167 0 0 0 0 0 0 0 0 
/n 2182 152 366 95320 3 232727 322168 -982167 0 0 0 0 0 0 0 0 
/n 2182 150 366 95319 4 232728 322168 -982167 0 0 0 0 0 0 0 0 
/n 2149 151 365 95322 1 232730 322168 -982167 0 0 0 0 0 0 0 0 
/n 2165 151 365 95320 3 232731 322168 -982167 0 0 0 0 0 0 0 0 
/n 2198 151 365 95316 7 232732 322168 -982167 0 0 0 0 0 0 0 0 
/n 2149 151 365 95322 1 232734 322168 -982167 0 0 0 0 0 0 0 0 
/n 2182 150 365 95319 4 232735 322168 -982167 0 0 0 0 0 0 0 0 
/n 2165 151 365 95317 6 232737 322168 -982167 0 0 0 0 0 0 0 0 
/n 2182 151 365 95318 5 232738 322168 -982167 0 0 0 0 0 0 0 0 
/n 2149 151 365 95318 5 232739 322168 -982167 0 0 0 0 0 0 0 0 
/n 2149 151 365 95318 5 232741 322168 -982167 0 0 0 0 0 0 0 0 
/n 2165 151 365 95318 5 232742 322168 -982167 0 0 0 0 0 0 0 0 
/n 2165 151 365 95324 0 232744 322168 -982167 0 0 0 0 0 0 0 0 
/n 2182 151 365 95324 0 232745 322168 -982167 0 0 0 0 0 0 0 0 
/n 2165 151 365 95314 8 232746 322168 -982167 0 0 0 0 0 0 0 0 
/n 2132 151 365 95318 5 232748 322168 -982167 0 0 0 0 0 0 0 0 
/n 2182 151 365 95315 7 232749 322168 -982167 0 0 0 0 0 0 0 0 
/n 2149 151 365 95317 6 232751 322168 -982167 0 0 0 0 0 0 0 0 
/n 2214 151 365 95320 3 232752 322168 -982167 0 0 0 0 0 0 0 0 
/n 2149 151 365 95317 6 232753 322168 -982167 0 0 0 0 0 0 0 0 
/n 2165 150 365 95318 5 232755 322168 -982167 0 0 0 0 0 0 0 0 
/n 2182 150 365 95318 5 232756 322168 -982167 0 0 0 0 0 0 0 0 
/n 2198 150 364 95310 12 232758 322168 -982167 0 0 0 0 0 0 0 0 
/n 2149 151 364 95323 0 232759 322168 -982167 0 0 0 0 0 0 0 0 
/n 2149 151 364 95318 5 23280 322168 -982167 0 0 0 0 0 0 0 0 
/n 2149 151 364 95313 9 23282 322168 -982167 0 0 0 0 0 0 0 0 
/n 2132 151 364 95315 7 23283 322168 -982167 0 0 0 0 0 0 0 0 
/n 2182 150 364 95319 4 23285 322168 -982167 0 0 0 0 0 0 0 0 
/n 2149 151 364 95318 5 23286 322168 -982167 0 0 0 0 0 0 0 0 
/n 2182 150 364 95321 2 23287 322168 -982167 0 0 0 0 0 0 0 0 
/n 2182 150 364 95317 6 23289 322168 -982167 0 0 0 0 0 0 0 0 
/n -2104 150 364 95321 2 232810 322168 -982167 0 0 0 0 0 0 0 0 
/n 2198 150 364 95313 9 232811 322168 -982167 0 0 0 0 0 0 0 0 
/n 2149 152 364 95323 0 232813 322168 -982167 0 0 0 0 0 0 0 0 
/n 2182 150 364 95321 2 232814 322168 -982167 0 0 0 0 0 0 0 0 
/n 2165 151 364 95320 3 232816 322168 -982167 0 0 0 0 0 0 0 0 
/n 2149 151 364 95319 4 232817 322168 -982167 0 0 0 0 0 0 0 0 
/n 2182 150 364 95321 2 232818 322168 -982167 0 0 0 0 0 0 0 0 
/n 2149 150 364 95328 -3 232820 322168 -982167 0 0 0 0 0 0 0 0 
/n 2132 150 364 95325 0 232821 322168 -982167 0 0 0 0 0 0 0 0 
/n 2165 151 363 95325 0 232823 322168 -982167 0 0 0 0 0 0 0 0 
/n 2165 151 363 95316 7 232824 322168 -982167 0 0 0 0 0 0 0 0 
/n 2165 150 363 95315 7 232825 322168 -982167 0 0 0 0 0 0 0 0 
/n 2198 150 363 95315 7 232827 322168 -982167 0 0 0 0 0 0 0 0 
/n 2149 150 363 95313 9 232828 322168 -982167 0 0 0 0 0 0 0 0 
/n 2165 150 363 95319 4 232830 322168 -982167 0 0 0 0 0 0 0 0 
/n 2182 150 363 95315 7 232831 322168 -982167 0 0 0 0 0 0 0 0 
/n 2165 150 363 95320 3 232832 322168 -982167 0 0 0 0 0 0 0 0 
/n 2149 150 363 95317 6 232834 322168 -982167 0 0 0 0 0 0 0 0 
/n 2149 150 363 95314 8 232835 322168 -982167 0 0 0 0 0 0 0 0 
/n 2165 151 363 95322 1 232837 322168 -982167 0 0 0 0 0 0 0 0 
/n 2165 151 363 95318 5 232838 322168 -982167 0 0 0 0 0 0 0 0 
/n 2165 151 363 95323 0 232839 322168 -982167 0 0 0 0 0 0 0 0 
/n 2182 151 363 95315 7 232841 322168 -982167 0 0 0 0 0 0 0 0 
/n 2165 151 363 95311 11 232842 322168 -982167 0 0 0 0 0 0 0 0 
/n 2149 151 363 95312 10 232844 322168 -982167 0 0 0 0 0 0 0 0 
/n 2149 151 363 95323 0 232845 322168 -982167 0 0 0 0 0 0 0 0 
/n 2165 151 363 95319 4 232846 322168 -982167 0 0 0 0 0 0 0 0 
/n 2182 151 363 95318 5 232848 322168 -982167 0 0 0 0 0 0 0 0 
/n 2149 151 362 95318 5 232849 322168 -982167 0 0 0 0 0 0 0 0 
/n 2165 151 362 95317 6 232851 322168 -982167 0 0 0 0 0 0 0 0 
/n 2149 151 362 95314 8 232852 322168 -982167 0 0 0 0 0 0 0 0 
/n 2182 151 362 95316 7 232853 322168 -982167 0 0 0 0 0 0 0 0 
/n 2198 150 362 95313 9 232855 322168 -982167 0 0 0 0 0 0 0 0 
/n 2214 150 362 95319 4 232856 322168 -982167 0 0 0 0 0 0 0 0 
/n 2165 151 362 95317 6 232858 322168 -982167 0 0 0 0 0 0 0 0 
/n 2182 152 362 95319 4 232859 322168 -982167 0 0 0 0 0 0 0 0 
/n 2149 151 362 95319 4 23290 322168 -982167 0 0 0 0 0 0 0 0 
/n 2165 150 361 95319 4 232912 322168 -982167 0 0 0 0 0 0 0 0 
/n 2198 150 361 95318 5 232913 322168 -982167 0 0 0 0 0 0 0 0 
/n 2198 151 361 95317 6 232915 322168 -982167 0 0 0 0 0 0 0 0 
/n 2214 151 361 95322 1 232916 322168 -982167 0 0 0 0 0 0 0 0 
/n 2214 151 361 95314 8 232917 322168 -982167 0 0 0 0 0 0 0 0 
/n 2165 150 361 95325 0 232919 322168 -982167 0 0 0 0 0 0 0 0 
/n 2165 151 361 95319 4 232920 322168 -982167 0 0 0 0 0 0 0 0 
/n 2214 150 361 95318 5 232922 322168 -982167 0 0 0 0 0 0 0 0 
/n 2165 150 361 95320 3 232923 322168 -982167 0 0 0 0 0 0 0 0 
/n 2214 151 361 95318 5 232924 322168 -982167 0 0 0 0 0 0 0 0 
/n 2214 151 361 95317 6 232926 322168 -982167 0 0 0 0 0 0 0 0 
/n 2182 151 361 95313 9 232927 322168 -982167 0 0 0 0 0 0 0 0 
/n 2182 150 361 95329 -4 232929 322168 -982167 0 0 0 0 0 0 0 0 
/n 2165 150 361 95318 5 232930 322168 -982167 0 0 0 0 0 0 0 0 
/n 2165 150 361 95315 7 232931 322168 -982167 0 0 0 0 0 0 0 0 
/n 2214 150 360 95324 0 232941 322168 -982167 0 0 0 0 0 0 0 0 
/n 2182 151 360 95324 0 232950 322168 -982167 0 0 0 0 0 0 0 0 
/n 2165 151 360 95321 2 23300 322168 -982167 0 0 0 0 0 0 0 0 
/n 2182 150 359 95324 0 23309 322168 -982167 0 0 0 0 0 0 0 0 
/n 2182 151 359 95328 -3 233018 322168 -982167 0 0 0 0 0 0 0 0 
/n 2165 150 359 95324 0 233020 322168 -982167 0 0 0 0 0 0 0 0 
/n 1722 150 359 95326 -1 233021 322168 -982167 0 0 0 0 0 0 0 0 
/n 2165 150 359 95321 2 233023 322168 -982167 0 0 0 0 0 0 0 0 
/n 2214 152 359 95324 0 233024 322168 -982167 0 0 0 0 0 0 0 0 
/n 2182 151 359 95320 3 233025 322168 -982167 0 0 0 0 0 0 0 0 
/n 2231 151 359 95323 0 233027 322168 -982167 0 0 0 0 0 0 0 0 
/n 2165 150 359 95326 -1 233028 322168 -982167 0 0 0 0 0 0 0 0 
/n 2198 150 359 95316 7 233029 322168 -982167 0 0 0 0 0 0 0 0 
/n 2198 152 359 95314 8 233031 322168 -982167 0 0 0 0 0 0 0 0 
/n 2198 150 359 95325 0 233032 322168 -982167 0 0 0 0 0 0 0 0 
/n 2214 150 359 95317 6 233034 322168 -982167 0 0 0 0 0 0 0 0 
/n 2231 150 358 95313 9 233035 322168 -982167 0 0 0 0 0 0 0 0 
/n 2198 150 359 95323 0 233036 322168 -982167 0 0 0 0 0 0 0 0 
/n 2165 151 358 95317 6 233038 322168 -982167 0 0 0 0 0 0 0 0 
/n 2214 150 358 95317 6 233039 322168 -982167 0 0 0 0 0 0 0 0 
/n 2182 148 358 95324 0 233041 322168 -982167 0 0 0 0 0 0 0 0 
/n